%YAML:1.0
---
model_type: PINHOLE
camera_name: camera
image_width: 848
image_height: 480
distortion_parameters:
   k1: 0.0
   k2: 0.0
   p1: 0.0
   p2: 0.0
projection_parameters:
   fx: 430.00494384765625
   fy: 430.00494384765625
   cx: 429.640869140625
   cy: 237.3249053955078
